# Created by Octave 5.1.0, Fri Jul 26 14:37:13 2019 GMT <unknown@MUREMWA-HP-8460P>
# name: mu
# type: matrix
# rows: 1
# columns: 8
 3.8263157894736843 120.11754385964912 68.805263157894743 20.580701754385966 79.752631578947373 31.903333333333336 0.48088771929824559 33.268421052631581


