# Created by Octave 5.1.0, Fri Jul 26 14:37:15 2019 GMT <unknown@MUREMWA-HP-8460P>
# name: theta
# type: matrix
# rows: 1
# columns: 9
 -0.87427034394446601 2.1547648376671913 6.1252196517744677 -1.3768150420831604 -0.030076736720956846 -0.78747030909497251 6.4393237362305458 2.3408851803584301 0.42109431793369323


