# Created by Octave 5.1.0, Fri Jul 26 14:37:13 2019 GMT <unknown@MUREMWA-HP-8460P>
# name: s
# type: matrix
# rows: 1
# columns: 8
 17 198 122 63 846 67.099999999999994 2.3420000000000001 60


