# Created by Octave 5.1.0, Wed Jul 03 21:08:55 2019 GMT <unknown@MUREMWA-HP-8460P>
# name: para
# type: matrix
# rows: 3
# columns: 1
 0.0001
 0.012009216589291154
 0.011262842205513594


