# Created by Octave 5.1.0, Sat May 11 13:12:56 2019 GMT <unknown@MUREMWA-HP-8460P>
# name: final
# type: matrix
# rows: 2
# columns: 1
 0.0001184229339785026
 0.20216257511378416


